# offset of cue: 1.669
0.0333786848073
0.31201814059
0.602267573696
0.896870748299
1.19292517007
1.48462585034
1.78358276644
2.08253968254
2.37424036281
2.67029478458
2.95619047619
3.2420861678
3.5410430839
3.8443537415
4.13605442177
4.43501133787
4.73396825397
5.01841269841
5.31882086168
5.61342403628
5.90367346939
6.19537414966
6.48562358277
6.7831292517
7.07918367347
7.36943310658
7.66113378685
7.95283446712
8.25759637188
8.54784580499
8.84099773243
9.14430839002
9.42875283447
9.72916099773
10.0179591837
10.2980498866
10.6042630385
10.8959637188
11.1934693878
11.493877551
11.7899319728
12.0758276644
12.3747845805
12.6635827664
12.9567346939
13.2542403628
13.5444897959
