# offset of cue: 1.65
0.0725623582766
0.357006802721
0.64
0.904126984127
1.18566893424
1.46575963719
1.72988662132
2.04480725624
2.32780045351
2.60353741497
2.89814058957
3.20290249433
3.47718820862
3.75437641723
4.03011337868
4.30439909297
4.58884353741
4.87619047619
5.14176870748
5.40444444444
5.70775510204
6.00816326531
6.2737414966
6.54367346939
6.81650793651
7.10675736961
7.38975056689
7.65242630385
7.92526077098
8.20244897959
8.47818594104
8.78875283447
9.07174603175
9.35764172336
9.63337868481
9.92507936508
10.213877551
10.4925170068
10.7682539683
11.0512471655
11.3255328798
11.5983673469
11.8639455782
12.1208163265
12.4067120181
12.6998639456
13.0046258503
