# offset of cue: 2.046
0.0595011337868
0.394739229025
0.735782312925
1.12181405896
1.47011337868
1.82712018141
2.21315192744
2.58176870748
2.9387755102
3.28126984127
3.65424036281
4.03301587302
4.41034013605
4.74848072562
5.10258503401
5.50167800454
5.86158730159
6.17505668934
6.58575963719
6.91954648526
7.28090702948
7.64517006803
8.01088435374
8.33160997732
8.76843537415
9.11963718821
9.45632653061
9.87138321995
10.2298412698
10.5795918367
10.9177324263
11.292154195
11.6723809524
11.993106576
12.3660770975
12.7448526077
13.07138322
13.457414966
13.8057142857
14.1902947846
14.5197278912
14.8970521542
15.3063038549
15.6400907029
