# offset of cue: 1.653
0.0304761904762
0.290249433107
0.568888888889
0.851882086168
1.13342403628
1.42077097506
1.70666666667
1.9998185941
2.28281179138
2.5643537415
2.84589569161
3.12308390023
3.41188208617
3.70358276644
3.98512471655
4.27392290249
4.5598185941
4.83410430839
5.13160997732
5.41315192744
5.69469387755
5.9747845805
6.26068027211
6.53641723356
6.82376417234
7.11111111111
7.38975056689
7.66839002268
7.97170068027
8.24888888889
8.5347845805
8.82793650794
9.10512471655
9.39247165533
9.67546485261
9.9453968254
10.2429024943
10.5273469388
10.8088888889
11.0976870748
11.3821315193
11.6564172336
11.9481179138
12.2296598639
12.5112018141
12.7956462585
13.0844444444
