# offset of cue: 2.182
0.0377324263039
0.378775510204
0.72126984127
1.1073015873
1.45560090703
1.81260770975
2.19863945578
2.57015873016
2.92571428571
3.26820861678
3.64408163265
4.01850340136
4.3958276644
4.73396825397
5.08807256236
5.48716553288
5.81804988662
6.16054421769
6.57124716553
6.90648526077
7.26784580499
7.62485260771
7.95718820862
8.31709750567
8.75392290249
9.10657596372
9.44326530612
9.8568707483
10.2153287982
10.5650793651
10.9046712018
11.2776417234
11.6578684807
11.9785941043
12.3602721088
12.7317913832
13.0583219955
13.4429024943
13.7926530612
14.1757823129
14.5052154195
14.8825396825
15.2917913832
15.6255782313
